########K-LND1#########
[367.   0.   0.   0.   0.   0.   0.   0.   0.   0.   0.   0. 133.]
[  0. 372.   0.   0.   0.   0.   0.   0.   0.   0.   0.   0. 128.]
[  0.   0. 383.   0.   0.   0.   0.   0.   0.   0.   0.   0. 117.]
[  0.   0.   0. 376.   0.   0.   0.   0.   0.   0.   0.   0. 124.]
[  0.   0.   0.   0. 384.   0.   0.   0.   0.   0.   0.   0. 116.]
[  0.   0.   0.   0.   0. 393.   0.   0.   0.   0.   0.   0. 107.]
[  0.   0.   0.   0.   0.   0. 392.   0.   0.   0.   0.   0. 108.]
[  0.   0.   0.   0.   0.   0.   0. 354.   0.   0.   0.   0. 146.]
[  0.   0.   0.   0.   0.   0.   0.   0. 370.   0.   0.   0. 130.]
[  0.   0.   0.   0.   0.   0.   0.   0.   0. 384.   0.   0. 116.]
[  0.   0.   0.   0.   0.   0.   0.   0.   0.   1. 369.   0. 130.]
[  0.   0.   0.   0.   0.   0.   0.   0.   0.   0.   0. 386. 114.]
[  113. 0.   0.   34.  0.   58.  700. 0.   2.   2895. 0.  0. 16698.]

Test accuracy Normal model_Closed_set :0.755
Test accuracy Normal model_Open_set :0.8145365853658536
Average Micro F1_Score: 0.6321077185679012
Average Macro F1_Score: 0.7571018721851352

{0: {'precision': 0.7645833333333333, 'recall': 0.734, 'f1': 0.7489795918367346}, 1: {'precision': 1.0, 'recall': 0.744, 'f1': 0.8532110091743119}, 2: {'precision': 1.0, 'recall': 0.766, 'f1': 0.8674971687429218}, 3: {'precision': 0.9170731707317074, 'recall': 0.752, 'f1': 0.8263736263736263}, 4: {'precision': 1.0, 'recall': 0.768, 'f1': 0.8687782805429864}, 5: {'precision': 0.8713968957871396, 'recall': 0.786, 'f1': 0.8264984227129337}, 6: {'precision': 0.358974358974359, 'recall': 0.784, 'f1': 0.49246231155778897}, 7: {'precision': 1.0, 'recall': 0.708, 'f1': 0.82903981264637}, 8: {'precision': 0.9946236559139785, 'recall': 0.74, 'f1': 0.8486238532110091}, 9: {'precision': 0.11707317073170732, 'recall': 0.768, 'f1': 0.2031746031746032}, 10: {'precision': 1.0, 'recall': 0.738, 'f1': 0.8492520138089759}, 11: {'precision': 1.0, 'recall': 0.772, 'f1': 0.871331828442438}, 12: {'precision': 0.9191390983651676, 'recall': 0.8145365853658536, 'f1': 0.8636822096361239}}



########K-LND2#########
[500.   0.   0.   0.   0.   0.   0.   0.   0.   0.   0.   0.   0.]
[  0. 500.   0.   0.   0.   0.   0.   0.   0.   0.   0.   0.   0.]
[  0.   0. 500.   0.   0.   0.   0.   0.   0.   0.   0.   0.   0.]
[  0.   0.   0. 500.   0.   0.   0.   0.   0.   0.   0.   0.   0.]
[  0.   0.   0.   0. 498.   0.   2.   0.   0.   0.   0.   0.   0.]
[  0.   0.   0.   0.   0. 500.   0.   0.   0.   0.   0.   0.   0.]
[  0.   0.   0.   0.   0.   0. 496.   3.   0.   1.   0.   0.   0.]
[  0.   0.   0.   0.   0.   0.   0. 500.   0.   0.   0.   0.   0.]
[  0.   0.   0.   0.   0.   0.   0.   0. 500.   0.   0.   0.   0.]
[  0.   0.   0.   0.   1.   0.   3.   0.   0. 495.   1.   0.   0.]
[  0.   0.   0.   0.   0.   0.   0.   0.   0.   4. 496.   0.   0.]
[  0.   0.   0.   0.   0.   0.   0.   0.   0.   0.   0. 500.   0.]
[   55.     0.     0.    53.     0.    42.   872.     0.     0.  2809.
     0.     0. 16669.]

Test accuracy Normal model_Closed_set :0.9975
Test accuracy Normal model_Open_set :0.8131219512195121
Average Micro F1_Score: 0.7561114222399336
Average Macro F1_Score: 0.8863134188783387

{0: {'precision': 0.9009009009009009, 'recall': 1.0, 'f1': 0.947867298578199}, 1: {'precision': 1.0, 'recall': 1.0, 'f1': 1.0}, 2: {'precision': 1.0, 'recall': 1.0, 'f1': 1.0}, 3: {'precision': 0.9041591320072333, 'recall': 1.0, 'f1': 0.949667616334283}, 4: {'precision': 0.9979959919839679, 'recall': 0.996, 'f1': 0.9969969969969971}, 5: {'precision': 0.922509225092251, 'recall': 1.0, 'f1': 0.9596928982725529}, 6: {'precision': 0.36125273124544793, 'recall': 0.992, 'f1': 0.5296316070475174}, 7: {'precision': 0.9940357852882704, 'recall': 1.0, 'f1': 0.9970089730807578}, 8: {'precision': 1.0, 'recall': 1.0, 'f1': 1.0}, 9: {'precision': 0.14959202175883954, 'recall': 0.99, 'f1': 0.25991073772643736}, 10: {'precision': 0.9979879275653923, 'recall': 0.992, 'f1': 0.9949849548645938}, 11: {'precision': 1.0, 'recall': 1.0, 'f1': 1.0}, 12: {'precision': 1.0, 'recall': 0.8131219512195121, 'f1': 0.8969302375635609}}


########K-LND3#########
[500.   0.   0.   0.   0.   0.   0.   0.   0.   0.   0.   0.   0.]
[  0. 500.   0.   0.   0.   0.   0.   0.   0.   0.   0.   0.   0.]
[  0.   0. 500.   0.   0.   0.   0.   0.   0.   0.   0.   0.   0.]
[  0.   0.   0. 500.   0.   0.   0.   0.   0.   0.   0.   0.   0.]
[  0.   0.   0.   0. 498.   0.   2.   0.   0.   0.   0.   0.   0.]
[  0.   0.   0.   0.   0. 500.   0.   0.   0.   0.   0.   0.   0.]
[  0.   0.   0.   0.   0.   0. 496.   3.   0.   1.   0.   0.   0.]
[  0.   0.   0.   0.   0.   0.   0. 500.   0.   0.   0.   0.   0.]
[  0.   0.   0.   0.   0.   0.   0.   0. 500.   0.   0.   0.   0.]
[  0.   0.   0.   0.   1.   0.   3.   0.   0. 495.   1.   0.   0.]
[  0.   0.   0.   0.   0.   0.   0.   0.   0.   4. 489.   0.   7.]
[  0.   0.   0.   0.   0.   0.   0.   0.   0.   0.   0. 500.   0.]
[  104. 0.   0.   34.  0.   56.  743. 0.   2.   2818. 0.  0. 16743.]

Test accuracy Normal model_Closed_set :0.9963333333333333
Test accuracy Normal model_Open_set :0.8167317073170731
Average Micro F1_Score: 0.7591111063945578
Average Macro F1_Score: 0.8856565734621363

{0: {'precision': 0.8278145695364238, 'recall': 1.0, 'f1': 0.9057971014492754}, 1: {'precision': 1.0, 'recall': 1.0, 'f1': 1.0}, 2: {'precision': 1.0, 'recall': 1.0, 'f1': 1.0}, 3: {'precision': 0.9363295880149812, 'recall': 1.0, 'f1': 0.9671179883945841}, 4: {'precision': 0.9979959919839679, 'recall': 0.996, 'f1': 0.9969969969969971}, 5: {'precision': 0.8992805755395683, 'recall': 1.0, 'f1': 0.9469696969696969}, 6: {'precision': 0.3987138263665595, 'recall': 0.992, 'f1': 0.5688073394495413}, 7: {'precision': 0.9940357852882704, 'recall': 1.0, 'f1': 0.9970089730807578}, 8: {'precision': 0.9960159362549801, 'recall': 1.0, 'f1': 0.998003992015968}, 9: {'precision': 0.1491862567811935, 'recall': 0.99, 'f1': 0.25929806181246723}, 10: {'precision': 0.9979591836734694, 'recall': 0.978, 'f1': 0.9878787878787879}, 11: {'precision': 1.0, 'recall': 1.0, 'f1': 1.0}, 12: {'precision': 0.9995820895522388, 'recall': 0.8167317073170731, 'f1': 0.8989530201342281}}